0000000000
0000000000
0000000000
0000000000
0000000000
0000000000
1111111111
1111111111
0000000000
0000000000
0000000000
0000000000
0000000000
1111111111
1111111111
1111111111
1111111111
1111111111
1111111111
1111111111
1111111111
1111111111
1111111111
1111111111
1111111111
1111111111
1111111111
1111111111
1111111111
1111111111
1111111111
1111111111
1111111111
1111111111
1111111111
1111111111
1111111111
1111111111
1111111111
1111111111
1111111111
1111111111
1111111111
1111111111
1111111111
1111111111
1111111111
1111111111
1111111111
1111111111
0111111111
0111111111
0111111111
0111111111
0111111111
0111111111
0111111111
0111111111
0011111111
0011111111
0011111111
0011111111
0011111111
0011111111
0011111111
0011111111
1100000000
1100000000
1111111111
1111111111
0000000000
0000000000
0011111111
0011111111
1100000000
1100000000
1111111111
1111111111
0000000000
0000000000
0011111111
0111111111
1100000000
0000000000
0000000000
0000000000
1111111111
1111111111
0000000000
0000000000
1111111111
1111111111
0000000000
0000000000
0011111111
0011111111
1100000000
1110000001
1111111111
1111111111
0000000000
0000000000
0001111111
0001111111
1110000000
1110000000
1111111111
0111111111
0111111111
0111111111
0111111111
0111111111
0111111111
0111111111
0111111111
0111111111
0011111111
1000000000
1111111111
0000000000
0011111111
1100000000
1111111111
0000000000
0000011111
1111000000
1111111111
0000000000
0000011111
1111000000
1111000000
0000000000
0000000000
0000000000
0000000000
0000000000
0000000000
0000000000
0011111111
0011111111
0011111111
0011111111
0011111111
0011111111
0001111111
0011111111
0011111111
0111111111
0111111111
0111111111
0111111111
0111111111
0111111111
0111111111
0111111111
0111111111
0111111111
0111111111
1111111111
1111111111
0000000000
0000000000
0111111111
0111111111
0111111111
0111111111
0111111111
0111111111
0111111111
0111111111
0111111111
0000000000
0000000000
0000000000
0000000000
0000000000
0000000000
0000111111
0000111111
0000111111
0000111111
0000111111
0000111111
0000111111
0000111111
0000111111
0001111111
0000111111
0001111111
0000111111
0000111111
0001111111
0000111111
0000111111
0001111111
0111111111
0111111111
0111111111
0111111111
1111101111
1111101111
1111101111
1111101111
1111101111
1111101111
1111101111
1111101111
1111101111
0001101111
0000000000
0000000000
0000001111
0000001111
0000001111
0000001111
0000000111
0000000011
0000000011
0000000011
0000000011
0000000011
0000000011
0000000011
0000000011
0000000011
0000000011
0000000011
0000000011
0000000011
0000000011
0000000011
0000000011
0000000011
0000000011
0000000011
0000000011
0000000111
1111101111
1111101100
1111101100
1111101100
1111101000
1111101000
1111101000
1111101000
1111101111
1111101111
1111101111
1111101111
1111110111
1111110111
1111110111
1111110111
1111110111
1111110111
1111110000
1111110000
1111110000
1111110000
1111110000
1100000000
1111110000
1111110000
1110000000
1111110000
1111110000
1111110000
1111110000
1111110000
1111110000
1111110000
1111110000
0000000111
0000000111
0000000111
0000000111
0000000111
0000000000
0000000000
0000000000
0000000000
0000000000
0000000000
0000000000
0000000000
0000000000
0000000000
0000000000
0000000000
0000000000
0000000000
0000000000
0000000000
0000000000
0000000000
0000000000
0000000000
0000000000
0000000000
0000000000
0000000000
0000000000
0000000000
0000000000
0000000000
0000000000
0000000000
0000000000
0000000000
0000000000
0000000000
1111111111
1111111111
1111111111
1111111111
1111111111
1111111111
1111111111
1111111111
1111111111
1111111111
1111111111
1111111111
0011111100
0011111000
0011111000
0011111000
0111111100
0011111100
0111111100
0011111100
0011111100
0111111100
0011111100
0111111000
0011111100
0011111100
0111111100
0011111100
0011111100
0111111110
1111111110
0011111100
0011111100
0111111100
0111111100
0111111100
0011111100
0011111100
0011111100
0011111100
0011111100
0011111000
0011111000
0011111100
0111111100
0011111100
0011111000
0111111100
0111111100
0011111100
0011111100
0011111000
0010010000
0000000000
0010000000
0011111100
0111111100
0011111100
0111111100
0011111100
0011111100
0011111100
1111111111
1111111111
0111111100
0011111100
0011111000
0111111110
0011111100
0011111000
0011111100
0011111100
0011111100
0011111000
0111111100
0011111100
0011111100
0011111100
0011111100
0011111110
0111111110
0011111100
0011111100
0011111100
0111111100
0011111100
0011111110
0011111110
0011111100
0011111100
0011111100
0111111100
0111111111
0011111110
0011111110
0011111110
0011111000
0000000000
0000000000
0000000000
0000000000
0000000000
0000000000
0000011000
0000000000
0000000000
1111111111
1111111111
1100111111
1111111111
1111111111
1111111111
1111111111
1111111111
1111111111
1111111111
1111111111
1111111111
1111111111
1111111111
1111111111
1111111111
1111111111
1111111111
1111111111
1111111111
1111111111
1111111111
1111111111
1111111111
1111101001
1111111111
0000000000
0000000000
0000000000
0000000000
0000000000
1101111111
1111111111
1111111111
1111111111
1111111111
0111111111
0010111000
0000000000
0000000000
0000000000
0000000000
0000000000
0000000000
0000000000
0000000000
0000000000
1111111111
1111111111
1111111111
1111111111
1111111111
1111111111
1111111111
1111111111
1111111111
1111111111
1111111111
1111111111
1111111111
1111111111
1111111111
1111111111
1111111111
0000000000
0000000000
0000000000
0000000000
0000000000
0000000000
0000000000
0000000000
0000000000
0000000000
0000000000
0000000000
1111111111
1111111111
0000000000
0000000000
0000000111
0000000000
0000000000
1111111111
1111111111
0000000000
0000000000
0000000000
0000000000
0000000000
0000000000
0000000000
0000000000
0000000000
0000000000
0000000000
1111111111
1111111111
1111111111
1111111111
1111111111
1111111111
1111111111
1111111111
1111111111
1111111111
1111111111
1111111111
1111111111
1111111111
1111111111
1111111111
1111111111
1111111111
1111111111
0000000000
0000000000
0000000000
0000000000
0000000000
0000000000
0000000000
0000000000
0000000000
0000000000
0000000000
0000000000
0000000000
0000000000
0000000000
0001111100
0011111100
0010111100
0010111100
0011111100
0011111100
0011111100
0001111100
1111111111
1111000011
1111100011
1111011111
1111111111
1111111011
1111110111
1111000111
1111100011
1111100011
1111111111
1111111111
1111111111
1111111011
1110000011
1111111111
1111100111
1111100111
1111111111
0000000000
0000000000
1111111111
0000000000
1111111111
0000000000
0000000000
1111111111
0000000000
1111111111
1111111111
1111111111
1111111111
1111111111
1111111111
1111111111
1111111111
1111111111
1111111111
1111111111
1111111111
1111111111
1111111111
1111111111
1111111111
1111111111
1111111111
1111111111
1101100111
1101100011
1101100011
1111100111
1111111111
1110000000
0000000000
0000000000
1100000000
0000000000
0000000000
0000000000
0000000000
0000000000
0000000000
0000000000
0000000000
0000000000
0000000000
0000000000
1000000000
1000000000
1000000000
1000000000
1000000000
1000000000
1100000000
1100000000
1100000000
1100000000
1100000000
1100000000
1100000000
1100000000
1100000000
1100000000
1100000000
1100000000
1100000000
1000000000
1100000000
1100000000
1100000000
1101000011
1100000000
1100000000
1100000000
1100000000
1100000000
1100000000
1100000000
0000000000
1100000000
1100000000
1100000000
1100000000
0000000000
0000000000
0000000000
0000000000
0000000000
0000000000
1100000000
1100000000
1100000000
1100000000
1100000000
1100000000
0000000000
0000000000
0000000000
0000000000
0000000000
0000000000
0000000000
0000000000
0000000000
0000000000
0000000000
1100000000
1100000000
1100000000
1100000000
1100000000
1100000000
1100000000
1100000000
1100000000
1100000000
1100000000
1100000000
1000000000
0000000000
0000000000
0000000000
0000000000
0000000000
1110000000
1110000000
1100000000
1110000000
1110000000
1110000000
1110000000
1110000000
0111100000
1110000000
1111000000
1110000000
1110000000
1110000000
0000000111
0000000111
0000000111
0000000111
0000000111
0000000111
0000000111
0000000111
0000000111
0000000111
0000000111
0000000111
0000000111
0000000111
0000000111
0000000111
0000000111
0000000111
0000000111
0000000111
0000000000
0000000000
0000000000
0000000000
0000000111
0000000111
0000000111
0000000111
0000000111
0000000111
0000000111
0000000111
0000000111
0000000111
0000000111
0000000111
0000000111
0000000000
0000000000
0000000000
0000000000
0000000111
0000000111
0000000111
0000000111
0000000111
0000000011
0000000011
0000000011
0000000011
0000000111
0000000000
0000000000
0000000000
0000000000
0000000000
0000000111
0000000111
0000000111
0000000111
0000000111
0000000111
0000000111
0000000111
0000000111
0000000111
0000000111
0000000111
0000000111
0000000111
0000000111
0000000111
0000000111
0000000111
0000000111
0000000111
0000000111
0000000111
0000000000
0000000000
0000000000
0000000000
0000000000
0000000000
0000000000
0000000000
0000000000
0000000000
0000000000
0000000000
0000000000
0000000000
0000000000
0000000000
0000000000
0000000000
0000000000
0000000000
0000000000
0000000000
0000000000
0000000000
0000000000
0000000011
0000000011
0000000011
0000000011
0000000011
1111000001
1111111110
1111000001
1111000000
1111000001
1111000000
1111100000
1111000011
1111000000
1111000001
1111000000
1111000000
1111000000
1110000000
1110000000
1110000000
1110000000
1110000000
1111000000
1110000000
1110000000
1110000000
0000000000
0000000000
0000000000
0000000000
0000000000
0000000000
0000000000
0000000000
0001000001
0000000001
0000000001
0000000001
0011000010
0000000001
0000000000
0001100001
1001100001
0000000000
1000000001
0000000000
0000000001
0000000011
1000000000
0001000001
0000000001
0111000001
0000000000
1000000000
0000000000
0000000000
0000000000
0000000000
0000101000












0000000000






000000000000000000000000000000
00000000000000000000
0000000000000000000000000000000000000000
000000000000000000000000000000
0000000000
0000000000
00000000000000000000
00000000000000000000
00000000000000000000
00000000000000000000
00000000000000000000
000000000000000000000000000000
00000000000000000000
0000000000








000000000000000000000000000000
000000000000000000000000000000
000000000000000000000000000000
1000000000100000000010000000001000000000
100000000010000000001000000000100000000010000000001000000000100000000010000000001000000000
1000000000100000000010000000001000000000
100000000010000000001000000000
1000000000100000000010000000001000000000
100000000010000000001000000000100000000010000000001000000000
100000000010000000001000000000
1111111111111111111111111111111111111111111111111111111111111111111111
1111111111111111111111111111111111111111
1111111111111111111111111111111111111111
1111111111111111111111111111111111111111111111111111111111111111111111
11111111111111111111111111111111111111111111111111
11111111111111111111111111111111111111111111111111111111111111111111111111111111
1111111111111111111111111111111111111111
111111111111111111111111111111111111111111111111111111111111
1111111111111111111111111111111111111111
1111111111111111111111111111111111111111111111111111111111111111111111
11111111111111111111111111111111111111111111111111111111111111111111111111111111
111111111111111111111111111111
111111111111111111111111111111111111111111111111111111111111
1111111111111111111111111111111111111111
11111111111111111111111111111111111111111111111111111111111111111111111111111111
11111111111111111111111111111111111111111111111111111111111111111111111111111111
11111111111111111111111111111111111111111111111111
1111111111111111111111111111111111111111111111111111111111111111111111
111111111111111111111111111111111111111111111111111111111111111111111111111111111111111111
111111111111111111111111111111111111111111111111111111111111111111111111111111111111111111
1111111111111111111111111111111111111111
11111111111111111111111111111111111111111111111111
111111111111111111111111111111
1111111111111111111111111111111111111111111111111111111111111111111111
1111111111111111111111111111111111111111111111111111111111111111111111
1111111111111111111111111111111111111111111111111111111111111111111111
1111111111111111111111111111111111111111
111111111111111111111111111111
11111111111111111111111111111111111111111111111111
111111111111111111111111111111111111111111111111111111111111
1111111111111111111111111111111111111111
111111111111111111111111111111111111111111111111111111111111
11111111111111111111111111111111111111111111111111111111111111111111111111111111
111111111111111111111111111111111111111111111111111111111111
111111111111111111111111111111
1111111111





0000000000
11111110111111111011
1111111011111111101111111110111111111011
1111111011111111101111111110111111111011
11111111111111111111111111111111111111111111111111
111111101111111110111111111011111111101111111110111111111011
1111111011111111101111111110111111111011
1111111011111111101111111110111111111011
1111111011111111101111111110111111111011
1111111011111111101111111110111111111011
1111111111
11111110111111111011111111101111111110111111111011
1111111111111111111111111111111111111111
1111101011111110101111111010111111101011
1111111111111111111111111111111111111111
111110101111111010111111101011111110101111111010111111101011
1111111111111111111111111111111111111111
111110101111111010111111101011
111111111111111111111111111111
11111110111111111011111111101111111110111111111011
111111101111111110111111111011
1111111011111111101111111110111111111011
1111111011111111101111111110111111111011
111111101111111110111111111011
11111110111111111011111111101111111110111111111011
1111111111111111111111111111111111111111
1111111111111111111111111111111111111111
11111010111111101011111110101111111010111111101011
000001010000000101000000010100
0000000100000000010000000001000000000100
0000010000000001000000000100000000010000
00000001000000000100000000010000000001000000000100
000000000000000000000000000000
0000010100000001010000000101000000010100
00000001000000000100
0000000000000000000000000000000000000000
0000000000
1010000000101000000010100000001010000000
11111111111111111111111111111111111111111111111111
01110000000111000000
0000000000000000000000000000000000000000
111111111111111111111111111111111111111111111111111111111111
0000000100000000010000000001000000000100

00000000000000000000
0000000000000000000000000000000000000000
00000000000000000000
00000000000000000000
00000000000000000000
00000000000000000000
000000000000000000000000000000

00000001000000000100000000010000000001000000000100
0000000000000000000000000000000000000000
000000000000000000000000000000
0000000000000000000000000000000000000000
0000000000000000000000000000000000000000000000000000000000000000000000
0000000000000000000000000000000000000000000000000000000000000000000000
00000100000000010000000001000000000100000000010000
0000000000000000000000000000000000000000
00000000000000000000000000000000000000000000000000
000000000000000000000000000000
0000000000000000000000000000000000000000
0000000000000000000000000000000000000000
000000000000000000000000000000
000001000000000100000000010000
0000000000000000000000000000000000000000
0000000000000000000000000000000000000000
11111111111111111111111111111111111111111111111111
1111111111111111111111111111111111111111
1111111111111111111111111111111111111111
111111111111111111111111111111
11111111111111111111111111111111111111111111111111
1111111111
1111111111111111111111111111111111111111
000000000000000000000000000000000000000000000000000000000000
00000000000000000000000000000000000000000000000000
000000000000000000000000000000000000000000000000000000000000
0000000000000000000000000000000000000000
0000000000000000000000000000000000000000
00000000000000000000000000000000000000000000000000
00000000000000000000
000000000000000000000000000000
000000000000000000000000000000000000000000000000000000000000
0000000000000000000000000000000000000000
000000000000000000000000000000
1111111111111111111111111111111111111111
1111111111
111111111111111111111111111111
10111111111011111111
11111111111111111111
111111111111111111111111111111

00000000000000000000
00000000000000000000
0000000000
000000000000000000000000000000
0000000000
0000000111000000011100000001110000000111
00000000000000000000000000000000000000000000000000
000000000000000000000000000000000000000000000000000000000000
00000000000000000000000000000000000000000000000000
00000000000000000000
0000000000000000000000000000000000000000000000000000000000000000000000
0000000000000000000000000000000000000000
0000000000000000000000000000000000000000
00000000000000000000
000000000000000000000000000000000000000000000000000000000000
0000000000000000000000000000000000000000000000000000000000000000000000
0000000000000000000000000000000000000000
000000000000000000000000000000000000000000000000000000000000
0000000000000000000000000000000000000000000000000000000000000000000000
00000000000000000000000000000000000000000000000000
0000000000000000000000000000000000000000
0000000000000000000000000000000000000000
0000000000000000000000000000000000000000

0000000000000000000000000000000000000000
0000000000000000000000000000000000000000
00000000000000000000000000000000000000000000000000000000000000000000000000000000
000000000000000000000000000000
000000000000000000000000000000000000000000000000000000000000
00000000000000000000000000000000000000000000000000000000000000000000000000000000
000000000000000000000000000000
00000000000000000000000000000000000000000000000000
00000000000000000000000000000000000000000000000000
000000000000000000000000000000
000000000000000000000000000000
00000000000000000000000000000000000000000000000000
000000000000000000000000000000
00000000000000000000000000000000000000000000000000
000000000000000000000000000000000000000000000000000000000000
0000000000000000000000000000000000000000
0000000000000000000000000000000000000000
0000000000
000000000000000000000000000000
00000000000000000000
000000000000000000000000000000000000000000000000000000000000
0000000000000000000000000000000000000000
000000000000000000000000000000
000001000000000100000000010000000001000000000100000000010000
00000000000000000000000000000000000000000000000000
00000000000000000000
000000000000000000000000000000
00000000000000000000
000000000000000000000000000000
000000000000000000000000000000
000001010000000101000000010100000001010000000101000000010100
0000000000000000000000000000000000000000
0000010100
0000000000
000000000000000000000000000000000000000000000000000000000000
000000000000000000000000000000
00000000000000000000
000000000000000000000000000000
00000001000000000100
0000010000000001000000000100000000010000
00000100000000010000000001000000000100000000010000
000000000000000000000000000000
000000000000000000000000000000
000001000000000100000000010000
00000101000000010100
000000000000000000000000000000
00000100000000010000
00000101000000010100000001010000000101000000010100000001010000000101000000010100
0000010000000001000000000100000000010000
0000010000
0000010000
00000100000000010000000001000000000100000000010000
00000100000000010000000001000000000100000000010000
000001000000000100000000010000
00000100000000010000
000001010000000101000000010100
0000010000000001000000000100000000010000
00000100000000010000
0000010100000001010000000101000000010100
000001000000000100000000010000000001000000000100000000010000
00000100000000010000
0000010000000001000000000100000000010000
0000010000000001000000000100000000010000
00000100000000010000000001000000000100000000010000
0000010000000001000000000100000000010000
000001000000000100000000010000
000001000000000100000000010000
00000100000000010000
000001010000000101000000010100
0000010000000001000000000100000000010000
0000010000000001000000000100000000010000
0000010100
000001000000000100000000010000
00000100000000010000
00000100000000010000000001000000000100000000010000
00000101000000010100
000001000000000100000000010000000001000000000100000000010000
0000010000000001000000000100000000010000
00000100000000010000000001000000000100000000010000
00000101000000010100000001010000000101000000010100
000001000000000100000000010000
0000010000000001000000000100000000010000
000000010000000001000000000100000000010000000001000000000100
00000100000000010000000001000000000100000000010000
0000000000000000000000000000000000000000
000000010000000001000000000100
00000100000000010000000001000000000100000000010000
00000000000000000000000000000000000000000000000000
000000000000000000000000000000
000000000000000000000000000000
0000000000000000000000000000000000000000
00000000000000000000000000000000000000000000000000
00000000000000000000000000000000000000000000000000
000000000000000000000000000000
00000000000000000000000000000000000000000000000000
0000000000000000000000000000000000000000
00000000000000000000000000000000000000000000000000
00000000000000000000000000000000000000000000000000
000000000000000000000000000000000000000000000000000000000000
00011111110001111111
000000000000000000000000000000
00000000000000000000
000000000000000000000000000000
0000000000000000000000000000000000000000
000000000000000000000000000000000000000000000000000000000000
0000000000000000000000000000000000000000
0000000000000000000000000000000000000000
000000000000000000000000000000
000000000000000000000000000000
000000000000000000000000000000
000000000000000000000000000000
00000000000000000000000000000000000000000000000000
0000000000000000000000000000000000000000
00000000000000000000000000000000000000000000000000
000000000000000000000000000000000000000000000000000000000000
000000000000000000000000000000
0000000000000000000000000000000000000000
0000000000000000000000000000000000000000
00000000000000000000000000000000000000000000000000
000000000000000000000000000000000000000000000000000000000000
00000000000000000000000000000000000000000000000000000000000000000000000000000000
0000000000000000000000000000000000000000
0000000000000000000000000000000000000000000000000000000000000000000000
0000000000000000000000000000000000000000
000000000000000000000000000000000000000000000000000000000000
0000000000000000000000000000000000000000
00000000000000000000000000000000000000000000000000
000000000000000000000000000000
0000000000000000000000000000000000000000
000000000000000000000000000000000000000000000000000000000000
00000000000000000000
000000000000000000000000000000
0000000100000000010000000001000000000100
0000010100
00000101000000010100
00000101000000010100
00000101000000010100
0000010100000001010000000101000000010100
00000101000000010100
000001010000000101000000010100
00000101000000010100
00000101000000010100
00000101000000010100000001010000000101000000010100
0000010100000001010000000101000000010100
000001010000000101000000010100
00000101000000010100
00000101000000010100
000001010000000101000000010100
0000010100000001010000000101000000010100
0000010000000001000000000100000000010000
00000101000000010100000001010000000101000000010100




